PROSTAR_VERTEX
     4000         0         0         0         0         0         0         0
         1      1.00000000000000      0.00000000000000      0.00000000000000
         2      1.00000000000000      0.10000000149012      0.00000000000000
         3      1.00000000000000      0.20000000298023      0.00000000000000
         4      1.00000000000000      0.30000000074506      0.00000000000000
         5      1.00000000000000      0.40000000037253      0.00000000000000
         6      1.00000000000000      0.50000000000000      0.00000000000000
         7      1.00000000000000      0.60000000149012      0.00000000000000
         8      1.00000000000000      0.70000000298023      0.00000000000000
         9      1.00000000000000      0.80000000074506      0.00000000000000
        10      1.00000000000000      0.90000000037253      0.00000000000000
        11      1.00000000000000      1.00000000000000      0.00000000000000
        12      1.00000000000000      1.00000000000000      0.00000000000000
        13      0.89999999850988      1.00000000000000      0.00000000000000
        14      0.79999999701977      1.00000000000000      0.00000000000000
        15      0.69999999925494      1.00000000000000      0.00000000000000
        16      0.59999999962747      1.00000000000000      0.00000000000000
        17      0.50000000000000      1.00000000000000      0.00000000000000
        18      0.39999999850988      1.00000000000000      0.00000000000000
        19      0.29999999701977      1.00000000000000      0.00000000000000
        20      0.19999999925494      1.00000000000000      0.00000000000000
        21      0.09999999962747      1.00000000000000      0.00000000000000
        22      0.00000000000000      1.00000000000000      0.00000000000000
        23      0.00000000000000      0.09999999962747      0.00000000000000
        24      0.00000000000000      0.00000000000000      0.00000000000000
        25      0.00000000000000      0.19999999925494      0.00000000000000
        26      0.00000000000000      0.29999999701977      0.00000000000000
        27      0.00000000000000      0.39999999850988      0.00000000000000
        28      0.00000000000000      0.50000000000000      0.00000000000000
        29      0.00000000000000      0.59999999962747      0.00000000000000
        30      0.00000000000000      0.69999999925494      0.00000000000000
        31      0.00000000000000      0.79999999701977      0.00000000000000
        32      0.00000000000000      0.89999999850988      0.00000000000000
        33      0.00000000000000      1.00000000000000      0.00000000000000
        34      0.90000000037253      0.00000000000000      0.00000000000000
        35      1.00000000000000      0.00000000000000      0.00000000000000
        36      0.80000000074506      0.00000000000000      0.00000000000000
        37      0.70000000298023      0.00000000000000      0.00000000000000
        38      0.60000000149012      0.00000000000000      0.00000000000000
        39      0.50000000000000      0.00000000000000      0.00000000000000
        40      0.40000000037253      0.00000000000000      0.00000000000000
        41      0.30000000074506      0.00000000000000      0.00000000000000
        42      0.20000000298023      0.00000000000000      0.00000000000000
        43      0.10000000149012      0.00000000000000      0.00000000000000
        44      0.00000000000000      0.00000000000000      0.00000000000000
